OrderNumber:	6
Id        OrderWeight         PickupLatitude      PickupLongitude     PickupEarliestTime  PickupLatestTime    DeliveryLatitude      DeliveryLongitude     DeliveryEarliestTime  DeliveryLatestTime    
0         10                  10.72013844667103   106.69261632289462  2424                10531               10.71194407879093     106.7219683956573     57660                 68390                 
1         6                   10.705266672668852  106.71892888356844  5339                13081               10.710579570466733    106.71339288928068    40803                 45455                 
2         8                   10.711644585057321  106.6937898065794   31184               39822               10.721755118505097    106.71656362626756    66853                 76583                 
3         5                   10.719347502400565  106.70067635861983  32092               41848               10.723803310152967    106.69145346787545    61097                 67351                 
4         5                   10.718953773369995  106.70313327256386  16819               24375               10.721912378099479    106.72882810278863    47748                 52384                 
5         10                  10.71622309231569   106.70085616090478  21518               26319               10.728011466972992    106.71391283926414    47745                 58323                 
OrderDurationMatrix
0,370,368,278,105,291,98,47,128,440,111,276
370,0,90,105,342,137,274,398,244,148,261,221
368,90,0,93,315,205,281,404,255,238,257,287
278,105,93,0,238,143,188,312,161,233,167,215
105,342,315,238,0,303,126,152,144,443,102,317
291,137,205,143,303,0,195,305,166,148,202,83
98,274,281,188,126,195,0,124,30,343,38,193
47,398,404,312,152,305,124,0,153,454,147,277
128,244,255,161,144,166,30,153,0,314,43,172
440,148,238,233,443,148,343,454,314,0,346,196
111,261,257,167,102,202,38,147,43,346,0,215
276,221,287,215,317,83,193,277,172,196,215,0
VehicleCapacity:	50
VehicleNumber:	3
Id        Latitude            Longitude           
0         10.720696179883452  106.71884516621726  
1         10.708034129921245  106.6969882933681   
2         10.723912242450751  106.6938105468146   
VehicleDurationMatrix
318,114,190,141,324,30,221,334,191,122,225,108
158,307,268,201,59,291,146,206,154,422,111,321
48,372,382,289,151,277,100,28,128,425,127,249
RepoCoordinates:	10.718213514709264,106.69971284641647
RepoDurationList
89,281,282,190,108,209,18,121,42,356,28,210
VehicleRepoDurationList
234,130,100
TravelCost:	2
WaitingCost:	0.01
LateCost:	0.02