OrderNumber:	30
Id        OrderWeight         PickupLatitude      PickupLongitude     PickupEarliestTime  PickupLatestTime    DeliveryLatitude      DeliveryLongitude     DeliveryEarliestTime  DeliveryLatestTime    
0         7                   10.72185499179137   106.71542816062477  5491                12719               10.726188764349873    106.7030229292817     47178                 54631                 
1         8                   10.705520496408298  106.7098535318011   21494               28888               10.708515458049092    106.71702258872581    49027                 55383                 
2         10                  10.7186289046936    106.69405807034123  35837               45443               10.72225050527606     106.72125219965159    63936                 72900                 
3         11                  10.711594690298382  106.71442735947193  14540               19507               10.72823548005619     106.70024889388299    39824                 49423                 
4         10                  10.707798859285829  106.70697461703816  27637               33344               10.712165638092989    106.71488604020875    59231                 66192                 
5         4                   10.707318122147148  106.72643265732883  37017               40645               10.706417193207491    106.70040697994561    63890                 73835                 
6         5                   10.727109126780809  106.70733355491282  15003               25445               10.72239734582871     106.73018443165302    56646                 62903                 
7         5                   10.72035813480461   106.72022472891422  38128               44736               10.721343412408183    106.69612780260084    67427                 73336                 
8         7                   10.705939568895849  106.71968078334807  35872               45009               10.723555334952453    106.72175155485803    66677                 72377                 
9         10                  10.719208062459527  106.7167209818158   107                 6053                10.724867719272693    106.69003165915323    56242                 60496                 
10        7                   10.709597392412764  106.73082891382404  35490               44607               10.7168986781166      106.7128344813896     67287                 73765                 
11        9                   10.724006270974444  106.73000638292109  34620               43434               10.708282805494926    106.70811142519814    64517                 75217                 
12        9                   10.714052637354119  106.7288566323826   39325               46167               10.714091246916007    106.72100548093397    65775                 71565                 
13        5                   10.70577348056311   106.69385728618624  1537                6494                10.707615020187205    106.70522151027501    53083                 61943                 
14        8                   10.717595059176904  106.71705193259963  35376               44403               10.716983729442171    106.71231271988935    66559                 73227                 
15        5                   10.72838823997809   106.73156284806251  15929               24618               10.721651550412668    106.70460615994449    63223                 69467                 
16        11                  10.728749484069846  106.70175675798983  34333               44011               10.722343072301303    106.71472837812672    64159                 69799                 
17        10                  10.70829379455345   106.71502861523152  23754               32706               10.705303353495365    106.72370157425742    61821                 67669                 
18        6                   10.712573775614262  106.6935872643267   36379               42022               10.710538298912015    106.69939047704533    64979                 70696                 
19        8                   10.72744707336744   106.72703549207698  13726               18452               10.723002662405035    106.72769595173745    52121                 58665                 
20        5                   10.710893107408955  106.70713864100871  17938               22109               10.725413612354297    106.71763849632788    45190                 52476                 
21        7                   10.709488565650434  106.6955419375881   238                 9089                10.715850645014717    106.70560613995623    28182                 37185                 
22        6                   10.717656274431421  106.69451235554892  4998                9362                10.71156969622352     106.7140190529184     57367                 61151                 
23        9                   10.708412739147736  106.69518086948493  5677                10706               10.722504723142547    106.70893212030047    56525                 67124                 
24        5                   10.718336812873641  106.70075018124578  19797               27737               10.7087215830346      106.70563572692646    52425                 57209                 
25        10                  10.725300162148907  106.69365850933794  9893                14659               10.716973788227204    106.69944108033236    39252                 46040                 
26        9                   10.71080669448903   106.70259635641004  21708               25671               10.726713107150706    106.69942164514607    54508                 61869                 
27        9                   10.727836949740361  106.69796364597737  36913               47459               10.709378179679387    106.70440855793022    67614                 75041                 
28        4                   10.724603103256154  106.70079700680017  35957               44913               10.724833541227598    106.70294879238146    66230                 75012                 
29        4                   10.717271937442653  106.72454886722244  15657               21494               10.719579030686603    106.69054539857589    68353                 78151                 
OrderDurationMatrix
0,159,212,165,262,70,127,200,201,119,223,263,117,179,61,234,203,79,36,310,240,68,178,189,189,117,328,215,56,71,211,131,186,10,167,227,288,239,156,149,168,51,285,140,259,128,296,79,183,201,267,203,207,203,224,204,180,155,124,303
159,0,268,276,143,226,227,42,232,225,367,246,53,333,220,102,321,229,187,158,394,165,328,229,347,264,275,231,200,160,347,59,35,149,264,359,203,198,291,302,195,177,225,131,147,224,239,84,100,218,114,121,190,44,64,208,33,16,283,172
212,268,0,94,250,248,93,303,44,102,202,115,268,323,222,256,119,265,188,339,259,145,334,40,253,171,194,61,172,144,386,209,303,216,71,168,215,141,341,305,74,263,180,137,239,90,181,210,193,64,313,189,109,290,311,81,260,252,230,291
165,276,94,0,305,177,49,317,122,52,115,203,258,234,151,299,45,194,132,384,168,115,247,108,159,84,283,143,112,119,302,221,311,173,24,90,288,215,263,220,123,208,261,165,295,52,265,198,231,138,351,237,177,310,332,153,279,264,141,349
262,143,250,305,0,333,262,140,206,265,417,169,192,441,318,41,348,341,275,91,460,228,441,213,426,331,158,192,279,222,470,133,156,255,284,395,75,119,414,411,185,298,114,144,13,257,126,186,81,186,82,68,141,119,123,169,110,132,370,44
70,226,248,177,333,0,155,265,248,146,194,319,179,108,26,305,202,17,66,380,194,121,108,235,137,100,389,265,76,126,146,202,249,79,188,211,356,302,95,78,221,58,349,205,329,158,359,149,253,252,337,272,266,270,291,259,250,224,73,374
127,227,93,49,262,155,0,268,101,8,155,181,210,233,129,252,94,172,98,338,200,68,243,86,177,85,259,122,80,71,293,172,261,132,41,136,253,183,248,214,88,175,230,119,253,4,236,150,185,112,303,193,143,260,283,124,230,214,141,306
200,42,303,317,140,265,268,0,265,266,409,269,87,370,261,98,362,267,228,130,436,207,364,264,388,306,288,261,242,201,380,97,19,190,304,401,209,218,325,339,230,213,238,166,148,265,252,126,122,249,87,139,217,21,28,238,45,53,324,159
201,232,44,122,206,248,101,265,0,110,236,81,238,334,223,212,155,264,184,294,290,133,343,15,276,187,161,21,172,130,392,173,266,202,97,205,172,98,343,313,38,253,140,100,194,97,143,183,150,19,269,145,64,251,270,36,220,216,243,246
119,225,102,52,265,146,8,266,110,0,152,189,206,224,120,254,96,163,89,340,196,63,234,95,171,78,267,130,72,67,284,171,259,125,47,136,258,189,239,205,95,167,237,121,256,12,243,146,187,120,304,196,150,259,282,131,229,213,133,309
223,367,202,115,417,194,155,409,236,152,0,316,336,191,177,406,83,208,188,492,60,203,210,222,88,106,395,257,170,208,267,318,399,233,138,41,403,330,248,194,238,247,375,273,408,159,379,283,340,253,455,348,292,406,428,268,377,357,125,461
263,246,115,203,169,319,181,269,81,189,316,0,269,411,295,191,234,334,253,260,371,198,419,96,358,267,79,60,244,194,465,195,276,262,179,283,112,52,414,389,98,314,70,132,156,177,68,224,147,69,247,130,60,251,266,60,224,229,322,201
117,53,268,258,192,179,210,87,238,206,336,269,0,283,177,153,301,180,150,211,357,142,277,232,307,231,310,242,166,138,294,75,70,107,250,334,245,226,239,252,200,126,260,140,194,208,274,60,134,228,167,157,209,96,114,221,85,60,241,224
179,333,323,234,441,108,233,370,334,224,191,411,283,0,123,413,240,103,168,488,158,221,19,319,104,151,486,353,170,227,75,310,353,187,253,225,460,401,73,31,313,156,449,309,436,237,458,257,360,342,444,379,364,377,396,351,357,331,93,482
61,220,222,151,318,26,129,261,223,120,177,295,177,123,0,292,178,43,44,370,185,99,127,209,130,78,367,240,51,104,169,190,246,71,161,190,337,280,120,96,197,69,328,185,313,132,337,139,237,228,328,255,244,264,285,235,241,216,64,360
234,102,256,299,41,305,252,98,212,254,406,191,153,413,292,0,343,312,251,85,445,210,412,217,407,315,194,202,258,203,438,102,114,226,280,389,112,139,382,383,185,265,146,133,49,248,160,156,67,194,57,67,152,77,83,178,69,93,348,71
203,321,119,45,348,202,94,362,155,96,83,234,301,240,178,343,0,219,167,429,142,158,256,143,149,101,313,176,147,163,312,266,356,211,63,49,327,252,280,232,164,241,296,210,338,97,298,242,276,173,396,280,215,355,377,190,325,309,151,391
79,229,265,194,341,17,172,267,264,163,208,334,180,103,43,312,219,0,81,385,204,135,100,251,145,117,403,281,93,140,133,209,251,86,205,226,367,315,80,72,236,54,362,217,338,175,372,156,262,268,341,282,280,273,293,273,254,228,84,381
36,187,188,132,275,66,98,228,184,89,188,253,150,168,44,251,167,81,0,331,208,55,171,170,160,81,323,200,20,60,212,150,216,45,136,191,292,236,161,141,155,77,283,141,270,99,293,102,194,186,289,211,200,229,251,192,204,181,97,317
310,158,339,384,91,380,338,130,294,340,492,260,211,488,370,85,429,385,331,0,529,293,485,300,489,398,240,281,340,287,506,181,150,301,366,474,157,210,450,457,270,335,201,219,104,334,212,231,153,275,44,150,231,116,103,259,130,156,429,65
240,394,259,168,460,194,200,436,290,196,60,371,357,158,185,445,142,204,208,529,0,236,178,276,60,131,451,311,194,242,232,351,424,250,192,101,453,381,225,169,288,252,428,315,451,205,433,309,380,306,491,391,343,435,458,320,409,387,121,504
68,165,145,115,228,121,68,207,133,63,203,198,142,221,99,210,158,135,55,293,236,0,226,120,197,105,268,147,51,6,268,115,198,71,109,194,239,181,216,195,101,120,229,88,222,67,238,83,147,133,254,162,145,203,225,138,174,154,142,272
178,328,334,247,441,108,243,364,343,234,210,419,277,19,127,412,256,100,171,485,178,226,0,329,123,164,493,362,176,231,57,309,347,186,265,243,464,407,55,30,321,151,455,312,437,247,464,256,361,350,441,381,370,372,391,359,354,328,106,482
189,229,40,108,213,235,86,264,15,95,222,96,232,319,209,217,143,251,170,300,276,120,329,0,261,172,175,36,158,118,377,170,264,191,83,192,184,109,329,299,34,241,153,98,201,82,156,175,153,30,273,150,73,250,271,46,220,213,228,254
189,347,253,159,426,137,177,388,276,171,88,358,307,104,130,407,149,145,160,489,60,197,123,261,0,95,437,297,149,204,180,308,375,199,182,124,428,360,166,111,266,195,408,283,419,182,414,263,345,289,449,358,321,390,411,302,364,341,65,470
117,264,171,84,331,100,85,306,187,78,106,267,231,151,78,315,101,117,81,398,131,105,164,172,95,0,345,207,64,111,218,219,295,127,101,113,333,266,180,136,172,145,314,188,324,90,321,179,251,198,359,264,227,304,327,209,277,256,58,375
328,275,194,283,158,389,259,288,161,267,395,79,310,486,367,194,313,403,323,240,451,268,493,175,437,345,0,139,317,263,536,235,299,325,258,362,84,89,483,462,173,377,50,189,147,255,36,276,176,147,241,154,122,267,277,135,247,260,398,175
215,231,61,143,192,265,122,261,21,130,257,60,242,353,240,202,176,281,200,281,311,147,362,36,297,207,139,0,189,144,410,173,264,215,119,226,153,79,360,332,46,266,119,101,179,117,122,189,143,14,259,135,50,246,264,23,216,214,263,231
56,200,172,112,279,76,80,242,172,72,170,244,166,170,51,258,147,93,20,340,194,51,176,158,149,64,317,189,0,58,220,159,231,65,117,171,291,231,171,145,146,96,279,140,273,83,288,115,198,176,299,213,194,241,264,184,215,193,91,322
71,160,144,119,222,126,71,201,130,67,208,194,138,227,104,203,163,140,60,287,242,6,231,118,204,111,263,144,58,0,272,109,193,72,112,199,233,175,220,201,98,122,223,82,216,70,233,79,141,130,248,156,140,197,219,134,168,149,148,266
211,347,386,302,470,146,293,380,392,284,267,465,294,75,169,438,312,133,212,506,232,268,57,377,180,218,536,410,220,272,0,337,361,217,319,300,500,448,56,81,366,172,495,351,468,297,505,284,394,397,461,414,413,390,407,404,376,350,161,509
131,59,209,221,133,202,172,97,173,171,318,195,75,310,190,102,266,209,150,181,351,115,309,170,308,219,235,173,159,109,337,0,94,123,207,307,174,151,281,280,136,164,186,72,132,169,199,53,62,160,140,85,136,88,111,151,58,44,248,172
186,35,303,311,156,249,261,19,266,259,399,276,70,353,246,114,356,251,216,150,424,198,347,264,375,295,299,264,231,193,361,94,0,176,299,393,223,226,307,322,230,197,249,166,162,259,263,116,129,251,107,148,221,37,47,241,52,50,310,177
10,149,216,173,255,79,132,190,202,125,233,262,107,187,71,226,211,86,45,301,250,71,186,191,199,127,325,215,65,72,217,123,176,0,173,237,283,236,162,157,168,51,281,136,252,133,293,70,176,201,258,197,204,193,214,203,171,146,134,295
167,264,71,24,284,188,41,304,97,47,138,179,250,253,161,280,63,205,136,366,192,109,265,83,182,101,258,119,117,112,319,207,299,173,0,111,265,191,277,238,101,213,237,147,274,42,240,190,213,114,333,217,154,296,318,129,265,251,160,328
227,359,168,90,395,211,136,401,205,136,41,283,334,225,190,389,49,226,191,474,101,194,243,192,124,113,362,226,171,199,300,307,393,237,111,0,376,302,276,223,212,259,345,255,385,140,348,278,321,223,440,327,265,396,418,239,366,348,148,439
288,203,215,288,75,356,253,209,172,258,403,112,245,460,337,112,327,367,292,157,453,239,464,184,428,333,84,153,291,233,500,174,223,283,265,376,0,74,445,433,165,332,44,151,63,248,54,223,112,153,157,89,111,188,195,137,172,189,380,94
239,198,141,215,119,302,183,218,98,189,330,52,226,401,280,139,252,315,236,210,381,181,407,109,360,266,89,79,231,175,448,151,226,236,191,302,74,0,395,376,94,287,48,100,106,178,57,187,97,79,195,79,39,199,214,62,174,181,316,154
156,291,341,263,414,95,248,325,343,239,248,414,239,73,120,382,280,80,161,450,225,216,55,329,166,180,483,360,171,220,56,281,307,162,277,276,445,395,0,55,316,116,442,296,412,251,452,228,338,347,406,359,360,335,352,353,320,294,129,453
149,302,305,220,411,78,214,339,313,205,194,389,252,31,96,383,232,72,141,457,169,195,30,299,111,136,462,332,145,201,81,280,322,157,238,223,433,376,55,0,290,125,424,282,408,217,433,227,332,320,414,350,339,346,365,329,327,301,80,452
168,195,74,123,185,221,88,230,38,95,238,98,200,313,197,185,164,236,155,270,288,101,321,34,266,172,173,46,146,98,366,136,230,168,101,212,165,94,316,290,0,220,141,64,174,83,148,145,120,32,241,119,55,216,237,38,186,179,225,228
51,177,263,208,298,58,175,213,253,167,247,314,126,156,69,265,241,54,77,335,252,120,151,241,195,145,377,266,96,122,172,164,197,51,213,259,332,287,116,125,220,0,332,187,296,176,344,111,222,252,291,244,256,221,240,255,204,178,130,336
285,225,180,261,114,349,230,238,140,237,375,70,260,449,328,146,296,362,283,201,428,229,455,153,408,314,50,119,279,223,495,186,249,281,237,345,44,48,442,424,141,332,0,145,101,225,13,228,126,122,196,103,87,217,228,107,197,209,365,138
140,131,137,165,144,205,119,166,100,121,273,132,140,309,185,133,210,217,141,219,315,88,312,98,283,188,189,101,140,82,351,72,166,136,147,255,151,100,296,282,64,187,145,0,136,115,156,91,66,88,186,76,72,153,174,81,122,115,230,188
259,147,239,295,13,329,253,148,194,256,408,156,194,436,313,49,338,338,270,104,451,222,437,201,419,324,147,179,273,216,468,132,162,252,274,385,63,106,412,408,174,296,101,136,0,248,114,185,76,174,95,60,129,126,132,157,114,135,364,53
128,224,90,52,257,158,4,265,97,12,159,177,208,237,132,248,97,175,99,334,205,67,247,82,182,90,255,117,83,70,297,169,259,133,42,140,248,178,251,217,83,176,225,115,248,0,231,148,181,107,299,189,138,257,279,119,227,211,145,301
296,239,181,265,126,359,236,252,143,243,379,68,274,458,337,160,298,372,293,212,433,238,464,156,414,321,36,122,288,233,505,199,263,293,240,348,54,57,452,433,148,344,13,156,114,231,0,241,140,126,209,117,94,231,242,112,211,223,372,148
79,84,210,198,186,149,150,126,183,146,283,224,60,257,139,156,242,156,102,231,309,83,256,175,263,179,276,189,115,79,284,53,116,70,190,278,223,187,228,227,145,111,228,91,185,148,241,0,111,174,188,133,163,126,148,171,102,78,200,226
183,100,193,231,81,253,185,122,150,187,340,147,134,360,237,67,276,262,194,153,380,147,361,153,345,251,176,143,198,141,394,62,129,176,213,321,112,97,338,332,120,222,126,66,76,181,140,111,0,132,121,23,95,104,122,119,77,84,289,124
201,218,64,138,186,252,112,249,19,120,253,69,228,342,228,194,173,268,186,275,306,133,350,30,289,198,147,14,176,130,397,160,251,201,114,223,153,79,347,320,32,252,122,88,174,107,126,174,132,0,251,126,45,234,253,16,204,201,252,227
267,114,313,351,82,337,303,87,269,304,455,247,167,444,328,57,396,341,289,44,491,254,441,273,449,359,241,259,299,248,461,140,107,258,333,440,157,195,406,414,241,291,196,186,95,299,209,188,121,251,0,124,209,72,60,236,87,112,387,80
203,121,189,237,68,272,193,139,145,196,348,130,157,379,255,67,280,282,211,150,391,162,381,150,358,264,154,135,213,156,414,85,148,197,217,327,89,79,359,350,119,244,103,76,60,189,117,133,23,126,124,0,85,120,135,111,95,106,304,112
207,190,109,177,141,266,143,217,64,150,292,60,209,364,244,152,215,280,200,231,343,145,370,73,321,227,122,50,194,140,413,136,221,204,154,265,111,39,360,339,55,256,87,72,129,138,94,163,95,45,209,85,0,200,217,28,171,173,278,182
203,44,290,310,119,270,260,21,251,259,406,251,96,377,264,77,355,273,229,116,435,203,372,250,390,304,267,246,241,197,390,88,37,193,296,396,188,199,335,346,216,221,217,153,126,257,231,126,104,234,72,120,200,0,22,222,30,48,326,139
224,64,311,332,123,291,283,28,270,282,428,266,114,396,285,83,377,293,251,103,458,225,391,271,411,327,277,264,264,219,407,111,47,214,318,418,195,214,352,365,237,240,228,174,132,279,242,148,122,253,60,135,217,22,0,241,52,70,348,136
204,208,81,153,169,259,124,238,36,131,268,60,221,351,235,178,190,273,192,259,320,138,359,46,302,209,135,23,184,134,404,151,241,203,129,239,137,62,353,329,38,255,107,81,157,119,112,171,119,16,236,111,28,222,241,0,193,191,263,210
180,33,260,279,110,250,230,45,220,229,377,224,85,357,241,69,325,254,204,130,409,174,354,220,364,277,247,216,215,168,376,58,52,171,265,366,172,174,320,327,186,204,197,122,114,227,211,102,77,204,87,95,171,30,52,193,0,26,302,139
155,16,252,264,132,224,214,53,216,213,357,229,60,331,216,93,309,228,181,156,387,154,328,213,341,256,260,214,193,149,350,44,50,146,251,348,189,181,294,301,179,178,209,115,135,211,223,78,84,201,112,106,173,48,70,191,26,0,278,163
124,283,230,141,370,73,141,324,243,133,125,322,241,93,64,348,151,84,97,429,121,142,106,228,65,58,398,263,91,148,161,248,310,134,160,148,380,316,129,80,225,130,365,230,364,145,372,200,289,252,387,304,278,326,348,263,302,278,0,413
303,172,291,349,44,374,306,159,246,309,461,201,224,482,360,71,391,381,317,65,504,272,482,254,470,375,175,231,322,266,509,172,177,295,328,439,94,154,453,452,228,336,138,188,53,301,148,226,124,227,80,112,182,139,136,210,139,163,413,0
VehicleCapacity:	50
VehicleNumber:	5
Id        Latitude            Longitude           
0         10.706110707820796  106.72934555869497  
1         10.720716525877103  106.72840446534778  
2         10.712735986336488  106.71614007381734  
3         10.708202663422181  106.71895339213475  
4         10.713317691300322  106.72197113337782  
VehicleDurationMatrix
257,404,236,152,455,222,193,446,272,190,38,351,372,201,207,445,117,234,222,530,46,240,221,259,98,141,430,293,205,246,276,356,436,267,175,69,441,367,265,209,275,277,412,312,446,197,415,320,378,289,493,387,329,443,466,305,415,395,149,499
158,315,293,204,417,88,203,354,305,195,167,383,267,29,99,391,211,88,143,468,140,194,45,290,82,121,458,324,143,200,102,289,338,167,223,198,434,373,84,29,285,142,422,283,413,208,431,237,336,313,425,354,336,359,379,323,338,313,63,459
112,230,117,53,277,132,25,271,126,16,141,206,207,208,106,265,94,150,80,350,182,65,218,111,155,61,283,146,61,70,269,178,263,119,56,129,273,205,224,189,111,157,253,133,269,29,259,149,199,136,313,209,166,266,288,148,237,219,116,322
174,294,115,23,328,175,69,335,145,69,91,226,272,222,150,321,29,192,138,407,145,130,236,131,140,76,306,166,118,135,292,240,328,182,47,67,312,239,257,211,147,213,284,187,318,72,288,214,253,161,372,260,201,329,351,177,299,282,131,372
132,279,175,84,345,110,94,321,194,87,91,275,246,150,89,329,95,126,96,413,116,119,164,179,84,15,353,215,79,125,219,234,310,142,104,101,344,276,185,138,182,158,324,201,337,98,330,194,264,206,374,277,237,319,342,218,292,271,58,389
RepoCoordinates:	10.728743291519214,106.70755703899707
RepoDurationList
127,63,288,275,206,184,227,88,258,223,350,289,20,285,185,166,317,183,162,218,368,159,278,252,315,243,328,262,179,156,291,94,70,117,268,349,262,245,236,254,220,129,279,161,209,226,292,78,152,248,173,175,229,101,116,242,96,73,250,235
VehicleRepoDurationList
384,271,223,289,258
TravelCost:	2
WaitingCost:	0.01
LateCost:	0.02