OrderNumber:	7
Id        OrderWeight         PickupLatitude      PickupLongitude     PickupEarliestTime  PickupLatestTime    DeliveryLatitude      DeliveryLongitude     DeliveryEarliestTime  DeliveryLatestTime    
0         4                   10.7083317798354    106.69113247540851  34852               41406               10.724407823864148    106.72980940817166    63669                 73715                 
1         7                   10.725923451627676  106.72428784880768  27741               35115               10.707469598283003    106.70979752210297    60554                 67449                 
2         11                  10.714949142140927  106.73130290099228  18142               24354               10.71764644879364     106.72316893346954    53800                 60580                 
3         5                   10.717498204174039  106.69583244800639  37701               48316               10.721340549768701    106.7154694881927     67231                 71372                 
4         8                   10.711764714058635  106.7205898304374   24750               35433               10.72012646398778     106.70225062979992    64894                 72883                 
5         11                  10.721398820592272  106.72802145034092  22409               32844               10.729187339926172    106.69035737397436    66266                 71459                 
6         11                  10.722836033259545  106.71088524025416  34421               42562               10.718370859376858    106.7112641771547     62998                 72797                 
OrderDurationMatrix
0,509,457,226,494,405,126,336,360,198,476,257,299,274
509,0,69,320,118,116,421,178,192,338,43,482,230,237
457,69,0,287,160,103,360,121,180,276,71,413,167,183
226,320,287,0,276,205,209,184,141,181,280,357,190,135
494,118,160,276,0,104,431,207,135,358,89,527,266,246
405,116,103,205,104,0,331,104,79,255,74,423,162,144
126,421,360,209,431,331,0,243,308,84,393,158,194,187
336,178,121,184,207,104,243,0,133,161,152,319,58,62
360,192,180,141,135,79,308,133,0,245,149,425,180,139
198,338,276,181,358,255,84,161,245,0,313,182,110,111
476,43,71,280,89,74,393,152,149,313,0,467,208,206
257,482,413,357,527,423,158,319,425,182,467,0,261,286
299,230,167,190,266,162,194,58,180,110,208,261,0,55
274,237,183,135,246,144,187,62,139,111,206,286,55,0
VehicleCapacity:	50
VehicleNumber:	2
Id        Latitude            Longitude           
0         10.725672321264923  106.69542308932346  
1         10.716954500888907  106.70676429995976  
VehicleDurationMatrix
220,417,350,284,455,351,101,249,350,107,399,75,190,212
217,294,239,122,298,199,132,118,179,67,263,250,88,57
RepoCoordinates:	10.72397170279212,106.70723854602616
RepoDurationList
274,274,208,206,312,208,159,105,221,76,254,214,46,84
VehicleRepoDurationList
144,86
TravelCost:	2
WaitingCost:	0.01
LateCost:	0.02