OrderNumber:	5
Id        OrderWeight         PickupLatitude      PickupLongitude     PickupEarliestTime  PickupLatestTime    DeliveryLatitude      DeliveryLongitude     DeliveryEarliestTime  DeliveryLatestTime    
0         9                   10.720588904023394  106.72083081153386  13796               18358               10.711344275955833    106.7106810586082     53815                 58297                 
1         6                   10.716077819348605  106.70614200107002  1913                6360                10.713809080486017    106.72550493282763    26485                 34761                 
2         4                   10.71195577391291   106.71450255281255  34968               41483               10.727145140669013    106.6989989308341     61604                 68471                 
3         9                   10.70597114749481   106.71986109720982  14064               22653               10.708643433901454    106.70177713693778    64710                 72347                 
4         7                   10.719807179372381  106.71602699624182  22233               27666               10.710929363098435    106.71582712387908    65168                 70438                 
OrderDurationMatrix
0,168,186,101,131,277,180,274,59,133
168,0,80,182,47,241,129,113,123,62
186,80,0,236,113,161,208,106,128,133
101,182,236,0,135,361,118,295,136,122
131,47,113,135,0,265,98,159,98,20
277,241,161,361,265,0,364,231,225,286
180,129,208,118,98,364,0,222,177,78
274,113,106,295,159,231,222,0,221,172
59,123,128,136,98,225,177,221,0,109
133,62,133,122,20,286,78,172,109,0
VehicleCapacity:	50
VehicleNumber:	2
Id        Latitude            Longitude           
0         10.715622877946977  106.71727985104224  
1         10.713489318847593  106.69726744479684  
VehicleDurationMatrix
74,95,135,102,56,263,123,207,53,60
299,164,112,342,210,170,289,81,240,227
RepoCoordinates:	10.724283223578112,106.72313775490983
RepoDurationList
53,220,229,132,184,295,229,323,102,187
VehicleRepoDurationList
128,341
TravelCost:	2
WaitingCost:	0.01
LateCost:	0.02