OrderNumber:	20
Id        OrderWeight         PickupLatitude      PickupLongitude     PickupEarliestTime  PickupLatestTime    DeliveryLatitude      DeliveryLongitude     DeliveryEarliestTime  DeliveryLatestTime    
0         11                  10.711213695148944  106.70968766901082  5615                16152               10.708501811100458    106.72284289378476    39796                 49235                 
1         7                   10.708429251133916  106.71277526136609  37227               47687               10.716251174540808    106.71925445758941    67519                 73720                 
2         7                   10.722894389718107  106.71919819389754  21124               28471               10.712134438181867    106.6978548534679     59649                 68051                 
3         6                   10.717976952219825  106.72940165362279  23330               33808               10.71177788958459     106.68983918212       56252                 60478                 
4         5                   10.71089311709053   106.68971299476088  86                  6693                10.724833679900062    106.70332408242813    50626                 54936                 
5         8                   10.725269238001548  106.72331919988365  9079                16253               10.708236246709752    106.72023301370551    45890                 52524                 
6         4                   10.708569816708119  106.70020500418099  25153               32199               10.717143847530128    106.70484841474523    64755                 70243                 
7         8                   10.712672591359187  106.70724679474505  20515               31128               10.727999961849246    106.69540094247043    58688                 66268                 
8         11                  10.721976479830884  106.714604079141    12685               19622               10.71350645529311     106.70793856193677    67195                 73627                 
9         11                  10.717310321288114  106.71191259407199  10825               21194               10.725694386506682    106.69170855942512    52011                 58530                 
10        10                  10.725275085083153  106.70901006147253  27944               33696               10.725715583957822    106.70874801908364    65135                 71014                 
11        10                  10.724271634749591  106.72674769089937  26559               31007               10.715732977265796    106.71305201266352    52704                 59327                 
12        7                   10.722477533731611  106.73152005793357  9559                16774               10.728373703193796    106.72464222679265    57996                 66932                 
13        9                   10.708568332193051  106.7142720473905   34546               42932               10.727507353477618    106.70841571165035    63568                 70907                 
14        5                   10.718505057260826  106.72709147076218  9642                19313               10.722157303177063    106.7095301616223     42152                 50570                 
15        5                   10.70797636892157   106.70598646319306  8529                12648               10.7178304766456      106.71821843848083    62903                 69589                 
16        6                   10.709793611099073  106.70157049086163  13391               17534               10.717280596917135    106.7217583137861     42654                 51922                 
17        4                   10.708567230538998  106.72734456212413  22983               31149               10.707450058721466    106.69004323224853    55015                 64162                 
18        11                  10.724129452308167  106.71244984823934  15043               24000               10.708897797194487    106.71775023555229    57255                 60895                 
19        7                   10.725704153253838  106.70826125641669  26084               32140               10.726625767493026    106.69177718856277    53897                 57831                 
OrderDurationMatrix
0,163,50,131,184,144,253,241,242,185,239,133,119,93,34,270,145,35,80,282,173,179,262,69,299,279,64,201,229,135,60,131,100,164,216,242,163,101,179,289
163,0,122,105,183,306,141,402,403,311,207,31,274,243,196,411,194,191,171,433,266,272,200,148,202,246,104,292,133,233,204,128,258,109,54,398,230,62,276,438
50,122,0,124,194,186,233,281,281,232,244,90,152,144,85,320,168,85,110,333,213,219,259,90,286,285,18,241,213,174,82,133,137,154,176,276,194,60,220,339
131,105,124,0,82,264,125,361,364,220,121,99,249,175,152,323,90,141,90,354,167,173,134,75,167,163,112,191,99,138,190,23,229,32,136,370,127,92,177,357
184,183,194,82,0,291,137,381,387,194,57,181,290,188,192,295,56,179,112,335,127,131,93,115,149,94,186,142,110,117,244,63,268,76,202,402,83,173,137,336
144,306,186,264,291,0,389,97,100,170,349,275,52,105,114,198,236,123,182,183,211,213,381,189,428,382,204,229,363,188,111,257,53,297,360,111,230,244,209,193
253,141,233,125,137,389,0,486,489,327,116,163,373,298,276,430,186,266,212,467,263,268,84,200,61,140,217,280,28,246,309,135,352,93,118,495,219,180,273,469
241,402,281,361,381,97,486,0,11,229,439,371,131,193,211,211,325,220,276,173,286,286,473,286,522,469,299,297,459,271,201,352,144,393,457,53,314,340,282,184
242,403,281,364,387,100,489,11,0,238,444,371,130,199,213,222,331,223,280,184,294,294,479,289,527,475,299,306,463,277,200,356,144,396,457,42,320,341,290,195
185,311,232,220,194,170,327,229,238,0,242,290,204,96,157,103,141,150,139,141,69,66,284,163,343,262,240,70,298,82,210,200,187,242,354,268,111,263,60,141
239,207,244,121,57,349,116,439,444,242,0,213,348,245,249,340,113,236,169,383,173,176,43,171,105,41,233,183,95,171,299,110,325,100,212,460,132,213,182,383
133,31,90,99,181,275,163,371,371,290,213,0,243,216,166,387,182,162,150,407,250,257,213,127,223,254,72,277,151,215,172,121,227,113,86,366,217,31,260,413
119,274,152,249,290,52,373,131,130,204,348,243,0,119,99,247,240,111,178,235,232,235,376,179,417,384,170,254,348,202,70,246,22,282,329,124,243,213,233,245
93,243,144,175,188,105,298,193,199,96,245,216,119,0,62,176,132,58,85,191,112,116,280,101,330,277,155,135,270,84,114,162,99,205,292,215,126,186,113,197
34,196,85,152,192,114,276,211,213,157,249,166,99,62,0,237,145,13,80,247,157,162,276,79,318,286,99,183,251,120,60,147,77,185,249,218,155,135,161,254
270,411,320,323,295,198,430,211,222,103,340,387,247,176,237,0,244,235,240,53,168,164,383,262,443,354,331,158,402,186,278,304,237,346,456,262,212,359,158,47
145,194,168,90,56,236,186,325,331,141,113,182,240,132,145,244,0,132,66,281,79,84,150,79,205,145,165,101,157,61,202,67,218,104,226,348,37,166,89,282
35,191,85,141,179,123,266,220,223,150,236,162,111,58,13,235,132,0,67,247,145,151,264,67,306,273,98,173,240,108,72,135,89,174,243,229,142,132,150,254
80,171,110,90,112,182,212,276,280,139,169,150,178,85,80,240,66,67,0,266,104,110,199,23,246,206,111,132,184,66,135,76,156,119,216,292,84,125,112,270
282,433,333,354,335,183,467,173,184,141,383,407,235,191,247,53,281,247,266,0,210,206,425,286,484,401,346,204,438,220,279,336,230,379,481,226,252,378,200,11
173,266,213,167,127,211,263,286,294,69,173,250,232,112,157,168,79,145,104,210,0,6,215,127,275,193,216,28,234,39,216,144,211,183,303,318,44,228,10,209
179,272,219,173,131,213,268,286,294,66,176,257,235,116,162,164,84,151,110,206,6,0,219,133,279,195,222,22,239,44,221,150,215,189,309,320,49,234,5,206
262,200,259,134,93,381,84,473,479,284,43,213,376,280,276,383,150,264,199,425,215,219,0,196,62,56,246,226,71,210,322,130,354,105,194,491,173,219,225,425
69,148,90,75,115,189,200,286,289,163,171,127,179,101,79,262,79,67,23,286,127,133,196,0,239,210,89,155,173,90,128,67,157,107,194,297,103,101,136,291
299,202,286,167,149,428,61,522,527,343,105,223,417,330,318,443,205,306,246,484,275,279,62,239,0,110,270,287,72,266,358,171,395,134,179,536,232,236,285,485
279,246,285,163,94,382,140,469,475,262,41,254,384,277,286,354,145,273,206,401,193,195,56,210,110,0,275,197,125,198,338,151,362,141,246,493,157,254,201,399
64,104,18,112,186,204,217,299,299,240,233,72,170,155,99,331,165,98,111,346,216,222,246,89,270,275,0,244,198,177,100,124,154,140,158,294,193,42,223,352
201,292,241,191,142,229,280,297,306,70,183,277,254,135,183,158,101,173,132,204,28,22,226,155,287,197,244,0,252,67,243,168,234,205,327,333,64,256,22,202
229,133,213,99,110,363,28,459,463,298,95,151,348,270,251,402,157,240,184,438,234,239,71,173,72,125,198,252,0,217,287,108,327,66,122,470,190,164,245,440
135,233,174,138,117,188,246,271,277,82,171,215,202,84,120,186,61,108,66,220,39,44,210,90,266,198,177,67,217,0,180,118,180,160,273,298,43,191,46,222
60,204,82,190,244,111,309,201,200,210,299,172,70,114,60,278,202,72,135,279,216,221,322,128,358,338,100,243,287,180,0,192,58,223,259,193,214,143,220,287
131,128,133,23,63,257,135,352,356,200,110,121,246,162,147,304,67,135,76,336,144,150,130,67,171,151,124,168,108,118,192,0,225,43,159,365,104,110,155,338
100,258,137,229,268,53,352,144,144,187,325,227,22,99,77,237,218,89,156,230,211,215,354,157,395,362,154,234,327,180,58,225,0,261,313,142,220,196,212,239
164,109,154,32,76,297,93,393,396,242,100,113,282,205,185,346,104,174,119,379,183,189,105,107,134,141,140,205,66,160,223,43,261,0,127,403,141,114,194,381
216,54,176,136,202,360,118,457,457,354,212,86,329,292,249,456,226,243,216,481,303,309,194,194,179,246,158,327,122,273,259,159,313,127,0,453,263,116,313,486
242,398,276,370,402,111,495,53,42,268,460,366,124,215,218,262,348,229,292,226,318,320,491,297,536,493,294,333,470,298,193,365,142,403,453,0,341,336,315,237
163,230,194,127,83,230,219,314,320,111,132,217,243,126,155,212,37,142,84,252,44,49,173,103,232,157,193,64,190,43,214,104,220,141,263,341,0,198,54,252
101,62,60,92,173,244,180,340,341,263,213,31,213,186,135,359,166,132,125,378,228,234,219,101,236,254,42,256,164,191,143,110,196,114,116,336,198,0,237,383
179,276,220,177,137,209,273,282,290,60,182,260,233,113,161,158,89,150,112,200,10,5,225,136,285,201,223,22,245,46,220,155,212,194,313,315,54,237,0,200
289,438,339,357,336,193,469,184,195,141,383,413,245,197,254,47,282,254,270,11,209,206,425,291,485,399,352,202,440,222,287,338,239,381,486,237,252,383,200,0
VehicleCapacity:	50
VehicleNumber:	4
Id        Latitude            Longitude           
0         10.714851744731103  106.69852472927936  
1         10.709836446592467  106.70748517485728  
2         10.727028652061648  106.71271381917846  
3         10.708643353604312  106.69212566716735  
VehicleDurationMatrix
142,305,190,252,269,34,376,112,117,136,327,275,80,81,109,166,214,115,165,157,181,182,361,176,411,358,206,197,349,161,124,241,72,283,358,137,204,244,178,166
31,187,66,163,215,120,284,215,216,192,270,156,89,95,35,268,173,45,106,273,191,196,294,99,330,309,83,218,260,154,29,163,71,196,241,213,186,125,196,281
198,259,229,155,93,257,231,335,343,117,130,249,273,155,189,210,66,176,120,255,49,50,173,139,235,145,228,52,203,71,249,131,252,162,289,366,35,232,56,254
215,372,250,342,372,81,466,47,40,241,430,341,98,186,190,242,318,201,262,210,290,291,462,268,507,463,268,305,441,269,168,336,115,375,427,29,312,311,287,222
RepoCoordinates:	10.721123518323138,106.72148700551772
RepoDurationList
188,156,189,66,35,307,103,401,405,225,55,159,301,207,201,327,84,189,125,365,159,164,74,122,122,97,178,177,75,145,248,56,279,47,170,417,115,157,170,367
TravelCost:	2
WaitingCost:	0.01
LateCost:	0.02