OrderNumber:	10
Id        OrderWeight         PickupLatitude      PickupLongitude     PickupEarliestTime  PickupLatestTime    DeliveryLatitude      DeliveryLongitude     DeliveryEarliestTime  DeliveryLatestTime    
0         10                  10.706997860316772  106.73007426102778  9055                18704               10.705336788316412    106.69542600478913    57560                 61240                 
1         9                   10.714096390597648  106.72354017288592  28294               32169               10.72819136765828     106.72351588145473    52391                 61459                 
2         6                   10.720110104925967  106.69910329538017  20014               26559               10.707458323126751    106.71587897261331    63459                 69790                 
3         11                  10.727147987306076  106.7145998917443   33582               43425               10.72526206173709     106.70897647926336    62000                 67461                 
4         11                  10.716580142766418  106.6963971251084   23107               29892               10.728457772429392    106.72061718858689    64569                 71306                 
5         6                   10.710936076086336  106.72865369976492  24902               34940               10.724442425660902    106.72339340670788    55671                 63548                 
6         9                   10.728948459668604  106.71543872225901  3146                11165               10.71297923599098     106.71414997248009    60026                 66138                 
7         4                   10.710556735550405  106.70645441013342  18378               25768               10.712539523846248    106.7195947485126     56428                 61156                 
8         11                  10.707150068613947  106.7297021468714   37514               42486               10.716973112449999    106.70786933023571    65344                 75801                 
9         7                   10.718548157257395  106.71927978862485  6406                10199               10.72688701641156     106.72885046582947    39368                 49649                 
OrderDurationMatrix
0,421,118,273,409,172,311,341,425,288,51,230,324,206,290,144,4,296,193,246
421,0,358,442,187,249,356,296,139,418,409,413,379,246,148,306,416,208,332,485
118,358,0,174,305,124,194,224,330,180,73,127,208,114,211,51,113,193,75,170
273,442,174,0,312,272,108,180,359,35,222,46,98,219,300,199,270,235,129,66
409,187,305,312,0,256,207,135,54,280,376,299,226,202,147,265,404,113,245,370
172,249,124,272,256,0,243,235,261,265,160,228,265,71,120,77,167,152,143,287
311,356,194,108,207,243,0,72,256,74,263,111,24,175,227,190,307,149,120,173
341,296,224,180,135,235,72,0,186,146,297,175,90,164,184,203,336,103,150,242
425,139,330,359,54,261,256,186,0,328,397,341,277,220,142,286,420,139,278,414
288,418,180,35,280,265,74,146,328,0,237,59,63,206,280,197,285,209,123,101
51,409,73,222,376,160,263,297,397,237,0,178,274,177,269,111,48,263,147,197
230,413,127,46,299,228,111,175,341,59,178,0,111,180,267,154,226,209,88,72
324,379,208,98,226,265,24,90,277,63,274,111,0,197,252,208,320,174,136,164
206,246,114,219,202,71,175,164,220,206,177,180,197,0,98,66,202,90,92,247
290,148,211,300,147,120,227,184,142,280,269,267,252,98,0,161,285,81,184,338
144,306,51,199,265,77,190,203,286,197,111,154,208,66,161,0,139,152,74,209
4,416,113,270,404,167,307,336,420,285,48,226,320,202,285,139,0,291,189,244
296,208,193,235,113,152,149,103,139,209,263,209,174,90,81,152,291,0,139,282
193,332,75,129,245,143,120,150,278,123,147,88,136,92,184,74,189,139,0,155
246,485,170,66,370,287,173,242,414,101,197,72,164,247,338,209,244,282,155,0
VehicleCapacity:	50
VehicleNumber:	3
Id        Latitude            Longitude           
0         10.710183926122959  106.72572689229408  
1         10.710747620393168  106.69467206671195  
2         10.712912892788202  106.71301589704211  
VehicleDurationMatrix
65,372,55,224,345,124,249,275,364,234,36,178,263,144,234,79,61,232,129,209
432,67,352,411,127,260,315,249,75,383,412,387,337,238,143,303,427,177,313,460
219,233,128,227,190,75,176,160,206,213,191,190,200,13,84,79,214,80,103,258
RepoCoordinates:	10.711970546919163,106.70280567327742
RepoDurationList
336,121,253,321,110,168,235,180,96,297,314,293,259,138,47,203,331,87,215,365
VehicleRepoDurationList
279,99,124
TravelCost:	2
WaitingCost:	0.01
LateCost:	0.02